(0.18303739046135492, [1])
(0.17954466547548814, [1, 11])
(0.17665879759184697, [1, 11, 13])
(0.17472046118747553, [1, 11, 13, 4])
(0.17358104477002484, [1, 11, 13, 4, 12])
(0.1725608244675044, [1, 11, 13, 4, 12, 10])
(0.17178609827233476, [1, 11, 13, 4, 12, 10, 3])
(0.17123475393133852, [1, 11, 13, 4, 12, 10, 3, 5])
(0.17108995437652202, [1, 11, 13, 4, 12, 10, 3, 5, 7])
(0.1710380765101534, [1, 11, 13, 4, 12, 10, 3, 5, 7, 26])
(0.17099105317941055, [1, 11, 13, 4, 12, 10, 3, 5, 7, 26, 8])
(0.17092641092642116, [1, 11, 13, 4, 12, 10, 3, 5, 7, 26, 8, 22])
(0.17090431654497312, [1, 11, 13, 4, 12, 10, 3, 5, 7, 26, 8, 22, 6])
(0.1708963647915222, [1, 11, 13, 4, 12, 10, 3, 5, 7, 26, 8, 22, 6, 0])
(0.17089537149293632, [1, 11, 13, 4, 12, 10, 3, 5, 7, 26, 8, 22, 6, 0, 20])
(0.17089440873089443, [1, 11, 13, 4, 12, 10, 3, 5, 7, 26, 8, 22, 6, 0, 20, 15])
(0.17089408564799952, [1, 11, 13, 4, 12, 10, 3, 5, 7, 26, 8, 22, 6, 0, 20, 15, 18])
(0.17089410647810824, [1, 11, 13, 4, 12, 10, 3, 5, 7, 26, 8, 22, 6, 0, 20, 15, 18, 14])
(0.17089412835513618, [1, 11, 13, 4, 12, 10, 3, 5, 7, 26, 8, 22, 6, 0, 20, 15, 18, 14, 28])
(0.17089421193340956, [1, 11, 13, 4, 12, 10, 3, 5, 7, 26, 8, 22, 6, 0, 20, 15, 18, 14, 28, 24])
(0.1708943019210229, [1, 11, 13, 4, 12, 10, 3, 5, 7, 26, 8, 22, 6, 0, 20, 15, 18, 14, 28, 24, 25])
(0.17089457603475508, [1, 11, 13, 4, 12, 10, 3, 5, 7, 26, 8, 22, 6, 0, 20, 15, 18, 14, 28, 24, 25, 17])
(0.170894957320189, [1, 11, 13, 4, 12, 10, 3, 5, 7, 26, 8, 22, 6, 0, 20, 15, 18, 14, 28, 24, 25, 17, 27])
(0.1708969036678644, [1, 11, 13, 4, 12, 10, 3, 5, 7, 26, 8, 22, 6, 0, 20, 15, 18, 14, 28, 24, 25, 17, 27, 2])
(0.17093369421339905, [1, 11, 13, 4, 12, 10, 3, 5, 7, 26, 8, 22, 6, 0, 20, 15, 18, 14, 28, 24, 25, 17, 27, 2, 19])
(0.1709724974085527, [1, 11, 13, 4, 12, 10, 3, 5, 7, 26, 8, 22, 6, 0, 20, 15, 18, 14, 28, 24, 25, 17, 27, 2, 19, 16])
(0.17110810609113242, [1, 11, 13, 4, 12, 10, 3, 5, 7, 26, 8, 22, 6, 0, 20, 15, 18, 14, 28, 24, 25, 17, 27, 2, 19, 16, 23])
(0.17141177211565015, [1, 11, 13, 4, 12, 10, 3, 5, 7, 26, 8, 22, 6, 0, 20, 15, 18, 14, 28, 24, 25, 17, 27, 2, 19, 16, 23, 9])
(0.17195325902890377, [1, 11, 13, 4, 12, 10, 3, 5, 7, 26, 8, 22, 6, 0, 20, 15, 18, 14, 28, 24, 25, 17, 27, 2, 19, 16, 23, 9, 21])
(0.1726812051802374, [1, 11, 13, 4, 12, 10, 3, 5, 7, 26, 8, 22, 6, 0, 20, 15, 18, 14, 28, 24, 25, 17, 27, 2, 19, 16, 23, 9, 21, 29])
