(0.17227568402885043, [1])
(0.17171924493701068, [1, 11])
(0.1712992836454946, [1, 11, 13])
(0.1710205383449577, [1, 11, 13, 10])
(0.1707544361369746, [1, 11, 13, 10, 3])
(0.1704926640106603, [1, 11, 13, 10, 3, 4])
(0.1702604066184168, [1, 11, 13, 10, 3, 4, 5])
(0.17004172395598555, [1, 11, 13, 10, 3, 4, 5, 12])
(0.16985301011696388, [1, 11, 13, 10, 3, 4, 5, 12, 6])
(0.16969324184568318, [1, 11, 13, 10, 3, 4, 5, 12, 6, 9])
(0.16957552891072222, [1, 11, 13, 10, 3, 4, 5, 12, 6, 9, 22])
(0.16946189885518997, [1, 11, 13, 10, 3, 4, 5, 12, 6, 9, 22, 21])
(0.16935678580639457, [1, 11, 13, 10, 3, 4, 5, 12, 6, 9, 22, 21, 29])
(0.1693152452956163, [1, 11, 13, 10, 3, 4, 5, 12, 6, 9, 22, 21, 29, 23])
(0.16930687799399363, [1, 11, 13, 10, 3, 4, 5, 12, 6, 9, 22, 21, 29, 23, 16])
(0.16930349083004737, [1, 11, 13, 10, 3, 4, 5, 12, 6, 9, 22, 21, 29, 23, 16, 7])
(0.16930015390590364, [1, 11, 13, 10, 3, 4, 5, 12, 6, 9, 22, 21, 29, 23, 16, 7, 8])
(0.16929747745747806, [1, 11, 13, 10, 3, 4, 5, 12, 6, 9, 22, 21, 29, 23, 16, 7, 8, 26])
(0.16929630102739335, [1, 11, 13, 10, 3, 4, 5, 12, 6, 9, 22, 21, 29, 23, 16, 7, 8, 26, 2])
(0.16929538428385169, [1, 11, 13, 10, 3, 4, 5, 12, 6, 9, 22, 21, 29, 23, 16, 7, 8, 26, 2, 0])
(0.1692945514052672, [1, 11, 13, 10, 3, 4, 5, 12, 6, 9, 22, 21, 29, 23, 16, 7, 8, 26, 2, 0, 19])
(0.1692941996123107, [1, 11, 13, 10, 3, 4, 5, 12, 6, 9, 22, 21, 29, 23, 16, 7, 8, 26, 2, 0, 19, 20])
(0.16929406828867263, [1, 11, 13, 10, 3, 4, 5, 12, 6, 9, 22, 21, 29, 23, 16, 7, 8, 26, 2, 0, 19, 20, 15])
(0.16929400473674067, [1, 11, 13, 10, 3, 4, 5, 12, 6, 9, 22, 21, 29, 23, 16, 7, 8, 26, 2, 0, 19, 20, 15, 18])
(0.16929395119440202, [1, 11, 13, 10, 3, 4, 5, 12, 6, 9, 22, 21, 29, 23, 16, 7, 8, 26, 2, 0, 19, 20, 15, 18, 28])
(0.16929395230771874, [1, 11, 13, 10, 3, 4, 5, 12, 6, 9, 22, 21, 29, 23, 16, 7, 8, 26, 2, 0, 19, 20, 15, 18, 28, 14])
(0.1692939609469825, [1, 11, 13, 10, 3, 4, 5, 12, 6, 9, 22, 21, 29, 23, 16, 7, 8, 26, 2, 0, 19, 20, 15, 18, 28, 14, 25])
(0.16929397937918061, [1, 11, 13, 10, 3, 4, 5, 12, 6, 9, 22, 21, 29, 23, 16, 7, 8, 26, 2, 0, 19, 20, 15, 18, 28, 14, 25, 24])
(0.16929400064656167, [1, 11, 13, 10, 3, 4, 5, 12, 6, 9, 22, 21, 29, 23, 16, 7, 8, 26, 2, 0, 19, 20, 15, 18, 28, 14, 25, 24, 17])
(0.1692940593353719, [1, 11, 13, 10, 3, 4, 5, 12, 6, 9, 22, 21, 29, 23, 16, 7, 8, 26, 2, 0, 19, 20, 15, 18, 28, 14, 25, 24, 17, 27])
