(0.17218896246527832, [1])
(0.171680486647909, [1, 11])
(0.1712969422003102, [1, 11, 13])
(0.1710415786321285, [1, 11, 13, 10])
(0.1707974660502613, [1, 11, 13, 10, 3])
(0.1705584898263317, [1, 11, 13, 10, 3, 4])
(0.1703456462653825, [1, 11, 13, 10, 3, 4, 5])
(0.17014516022491105, [1, 11, 13, 10, 3, 4, 5, 12])
(0.16997134040631146, [1, 11, 13, 10, 3, 4, 5, 12, 6])
(0.16982411244479265, [1, 11, 13, 10, 3, 4, 5, 12, 6, 9])
(0.16971516592240277, [1, 11, 13, 10, 3, 4, 5, 12, 6, 9, 21])
(0.16960974711302285, [1, 11, 13, 10, 3, 4, 5, 12, 6, 9, 21, 22])
(0.16951150192447376, [1, 11, 13, 10, 3, 4, 5, 12, 6, 9, 21, 22, 29])
(0.16947239208907341, [1, 11, 13, 10, 3, 4, 5, 12, 6, 9, 21, 22, 29, 23])
(0.1694647939338363, [1, 11, 13, 10, 3, 4, 5, 12, 6, 9, 21, 22, 29, 23, 16])
(0.16946185030538402, [1, 11, 13, 10, 3, 4, 5, 12, 6, 9, 21, 22, 29, 23, 16, 8])
(0.1694589360014525, [1, 11, 13, 10, 3, 4, 5, 12, 6, 9, 21, 22, 29, 23, 16, 8, 7])
(0.16945659816154554, [1, 11, 13, 10, 3, 4, 5, 12, 6, 9, 21, 22, 29, 23, 16, 8, 7, 26])
(0.16945550257621927, [1, 11, 13, 10, 3, 4, 5, 12, 6, 9, 21, 22, 29, 23, 16, 8, 7, 26, 2])
(0.16945453419166634, [1, 11, 13, 10, 3, 4, 5, 12, 6, 9, 21, 22, 29, 23, 16, 8, 7, 26, 2, 19])
(0.1694537035560008, [1, 11, 13, 10, 3, 4, 5, 12, 6, 9, 21, 22, 29, 23, 16, 8, 7, 26, 2, 19, 0])
(0.16945338022504913, [1, 11, 13, 10, 3, 4, 5, 12, 6, 9, 21, 22, 29, 23, 16, 8, 7, 26, 2, 19, 0, 20])
(0.16945326063295302, [1, 11, 13, 10, 3, 4, 5, 12, 6, 9, 21, 22, 29, 23, 16, 8, 7, 26, 2, 19, 0, 20, 15])
(0.16945320269899686, [1, 11, 13, 10, 3, 4, 5, 12, 6, 9, 21, 22, 29, 23, 16, 8, 7, 26, 2, 19, 0, 20, 15, 18])
(0.16945315318144613, [1, 11, 13, 10, 3, 4, 5, 12, 6, 9, 21, 22, 29, 23, 16, 8, 7, 26, 2, 19, 0, 20, 15, 18, 28])
(0.1694531542030751, [1, 11, 13, 10, 3, 4, 5, 12, 6, 9, 21, 22, 29, 23, 16, 8, 7, 26, 2, 19, 0, 20, 15, 18, 28, 14])
(0.16945316208402803, [1, 11, 13, 10, 3, 4, 5, 12, 6, 9, 21, 22, 29, 23, 16, 8, 7, 26, 2, 19, 0, 20, 15, 18, 28, 14, 25])
(0.16945317897690468, [1, 11, 13, 10, 3, 4, 5, 12, 6, 9, 21, 22, 29, 23, 16, 8, 7, 26, 2, 19, 0, 20, 15, 18, 28, 14, 25, 24])
(0.16945319813794174, [1, 11, 13, 10, 3, 4, 5, 12, 6, 9, 21, 22, 29, 23, 16, 8, 7, 26, 2, 19, 0, 20, 15, 18, 28, 14, 25, 24, 17])
(0.16945325180233795, [1, 11, 13, 10, 3, 4, 5, 12, 6, 9, 21, 22, 29, 23, 16, 8, 7, 26, 2, 19, 0, 20, 15, 18, 28, 14, 25, 24, 17, 27])
