(0.17146496660907246, [1])
(0.1713824494276677, [1, 11])
(0.17132054092106788, [1, 11, 13])
(0.17127810552465786, [1, 11, 13, 10])
(0.17123702930897705, [1, 11, 13, 10, 3])
(0.17119860403791312, [1, 11, 13, 10, 3, 4])
(0.1711631287728348, [1, 11, 13, 10, 3, 4, 5])
(0.17112958524466818, [1, 11, 13, 10, 3, 4, 5, 12])
(0.17109925674141854, [1, 11, 13, 10, 3, 4, 5, 12, 6])
(0.1710734626512353, [1, 11, 13, 10, 3, 4, 5, 12, 6, 9])
(0.1710534797071397, [1, 11, 13, 10, 3, 4, 5, 12, 6, 9, 21])
(0.1710340163120403, [1, 11, 13, 10, 3, 4, 5, 12, 6, 9, 21, 29])
(0.171014743380481, [1, 11, 13, 10, 3, 4, 5, 12, 6, 9, 21, 29, 22])
(0.1710066092148968, [1, 11, 13, 10, 3, 4, 5, 12, 6, 9, 21, 29, 22, 23])
(0.17100545164213232, [1, 11, 13, 10, 3, 4, 5, 12, 6, 9, 21, 29, 22, 23, 16])
(0.1710049800332662, [1, 11, 13, 10, 3, 4, 5, 12, 6, 9, 21, 29, 22, 23, 16, 19])
(0.17100468112010256, [1, 11, 13, 10, 3, 4, 5, 12, 6, 9, 21, 29, 22, 23, 16, 19, 8])
(0.1710044633742019, [1, 11, 13, 10, 3, 4, 5, 12, 6, 9, 21, 29, 22, 23, 16, 19, 8, 7])
(0.17100424820317345, [1, 11, 13, 10, 3, 4, 5, 12, 6, 9, 21, 29, 22, 23, 16, 19, 8, 7, 26])
(0.17100403867832442, [1, 11, 13, 10, 3, 4, 5, 12, 6, 9, 21, 29, 22, 23, 16, 19, 8, 7, 26, 2])
(0.17100390564263906, [1, 11, 13, 10, 3, 4, 5, 12, 6, 9, 21, 29, 22, 23, 16, 19, 8, 7, 26, 2, 0])
(0.1710038502864329, [1, 11, 13, 10, 3, 4, 5, 12, 6, 9, 21, 29, 22, 23, 16, 19, 8, 7, 26, 2, 0, 20])
(0.17100383152908635, [1, 11, 13, 10, 3, 4, 5, 12, 6, 9, 21, 29, 22, 23, 16, 19, 8, 7, 26, 2, 0, 20, 15])
(0.1710038223483027, [1, 11, 13, 10, 3, 4, 5, 12, 6, 9, 21, 29, 22, 23, 16, 19, 8, 7, 26, 2, 0, 20, 15, 18])
(0.17100381341467302, [1, 11, 13, 10, 3, 4, 5, 12, 6, 9, 21, 29, 22, 23, 16, 19, 8, 7, 26, 2, 0, 20, 15, 18, 28])
(0.17100381358664402, [1, 11, 13, 10, 3, 4, 5, 12, 6, 9, 21, 29, 22, 23, 16, 19, 8, 7, 26, 2, 0, 20, 15, 18, 28, 14])
(0.1710038148412559, [1, 11, 13, 10, 3, 4, 5, 12, 6, 9, 21, 29, 22, 23, 16, 19, 8, 7, 26, 2, 0, 20, 15, 18, 28, 14, 25])
(0.17100381751099833, [1, 11, 13, 10, 3, 4, 5, 12, 6, 9, 21, 29, 22, 23, 16, 19, 8, 7, 26, 2, 0, 20, 15, 18, 28, 14, 25, 17])
(0.17100382033963657, [1, 11, 13, 10, 3, 4, 5, 12, 6, 9, 21, 29, 22, 23, 16, 19, 8, 7, 26, 2, 0, 20, 15, 18, 28, 14, 25, 17, 24])
(0.171003829110166, [1, 11, 13, 10, 3, 4, 5, 12, 6, 9, 21, 29, 22, 23, 16, 19, 8, 7, 26, 2, 0, 20, 15, 18, 28, 14, 25, 17, 24, 27])
