(0.3949102280647071, [1])
(0.3793284970580107, [1, 13])
(0.36788827434476545, [1, 13, 4])
(0.3616104421054681, [1, 13, 4, 11])
(0.3582169141262822, [1, 13, 4, 11, 7])
(0.3548102377133513, [1, 13, 4, 11, 7, 2])
(0.35070277544909934, [1, 13, 4, 11, 7, 2, 16])
(0.3472961541990129, [1, 13, 4, 11, 7, 2, 16, 10])
(0.34522426872122514, [1, 13, 4, 11, 7, 2, 16, 10, 19])
(0.3438217075056543, [1, 13, 4, 11, 7, 2, 16, 10, 19, 12])
(0.34286445627766654, [1, 13, 4, 11, 7, 2, 16, 10, 19, 12, 23])
(0.3423277220573698, [1, 13, 4, 11, 7, 2, 16, 10, 19, 12, 23, 8])
(0.3417905311511825, [1, 13, 4, 11, 7, 2, 16, 10, 19, 12, 23, 8, 5])
(0.34124121221961223, [1, 13, 4, 11, 7, 2, 16, 10, 19, 12, 23, 8, 5, 26])
(0.3410775133096787, [1, 13, 4, 11, 7, 2, 16, 10, 19, 12, 23, 8, 5, 26, 22])
(0.340899299318498, [1, 13, 4, 11, 7, 2, 16, 10, 19, 12, 23, 8, 5, 26, 22, 21])
(0.34089845008545233, [1, 13, 4, 11, 7, 2, 16, 10, 19, 12, 23, 8, 5, 26, 22, 21, 6])
(0.340897937425121, [1, 13, 4, 11, 7, 2, 16, 10, 19, 12, 23, 8, 5, 26, 22, 21, 6, 28])
(0.340898824948486, [1, 13, 4, 11, 7, 2, 16, 10, 19, 12, 23, 8, 5, 26, 22, 21, 6, 28, 24])
(0.34090018913193765, [1, 13, 4, 11, 7, 2, 16, 10, 19, 12, 23, 8, 5, 26, 22, 21, 6, 28, 24, 14])
(0.34090161033211985, [1, 13, 4, 11, 7, 2, 16, 10, 19, 12, 23, 8, 5, 26, 22, 21, 6, 28, 24, 14, 9])
(0.3408952333877125, [1, 13, 4, 11, 7, 2, 16, 10, 19, 12, 23, 8, 5, 26, 22, 21, 6, 28, 24, 14, 9, 29])
(0.3408971181463436, [1, 13, 4, 11, 7, 2, 16, 10, 19, 12, 23, 8, 5, 26, 22, 21, 6, 28, 24, 14, 9, 29, 25])
(0.3408993606627474, [1, 13, 4, 11, 7, 2, 16, 10, 19, 12, 23, 8, 5, 26, 22, 21, 6, 28, 24, 14, 9, 29, 25, 18])
(0.34090197288494684, [1, 13, 4, 11, 7, 2, 16, 10, 19, 12, 23, 8, 5, 26, 22, 21, 6, 28, 24, 14, 9, 29, 25, 18, 17])
(0.34090533506311843, [1, 13, 4, 11, 7, 2, 16, 10, 19, 12, 23, 8, 5, 26, 22, 21, 6, 28, 24, 14, 9, 29, 25, 18, 17, 15])
(0.34090924558362745, [1, 13, 4, 11, 7, 2, 16, 10, 19, 12, 23, 8, 5, 26, 22, 21, 6, 28, 24, 14, 9, 29, 25, 18, 17, 15, 27])
(0.34091317880410654, [1, 13, 4, 11, 7, 2, 16, 10, 19, 12, 23, 8, 5, 26, 22, 21, 6, 28, 24, 14, 9, 29, 25, 18, 17, 15, 27, 20])
(0.3409181026216119, [1, 13, 4, 11, 7, 2, 16, 10, 19, 12, 23, 8, 5, 26, 22, 21, 6, 28, 24, 14, 9, 29, 25, 18, 17, 15, 27, 20, 0])
(0.34092925680323244, [1, 13, 4, 11, 7, 2, 16, 10, 19, 12, 23, 8, 5, 26, 22, 21, 6, 28, 24, 14, 9, 29, 25, 18, 17, 15, 27, 20, 0, 3])
