(0.3948704489205192, [1])
(0.3792891267666537, [1, 13])
(0.3678468084395584, [1, 13, 4])
(0.3615741629053914, [1, 13, 4, 11])
(0.35817682647367066, [1, 13, 4, 11, 7])
(0.3547260186563269, [1, 13, 4, 11, 7, 2])
(0.3505184130612516, [1, 13, 4, 11, 7, 2, 16])
(0.34699100294590063, [1, 13, 4, 11, 7, 2, 16, 10])
(0.34487857191325333, [1, 13, 4, 11, 7, 2, 16, 10, 19])
(0.34348316363425474, [1, 13, 4, 11, 7, 2, 16, 10, 19, 12])
(0.34248731055384196, [1, 13, 4, 11, 7, 2, 16, 10, 19, 12, 23])
(0.34194902431905955, [1, 13, 4, 11, 7, 2, 16, 10, 19, 12, 23, 8])
(0.34140967984561266, [1, 13, 4, 11, 7, 2, 16, 10, 19, 12, 23, 8, 5])
(0.34085965162680637, [1, 13, 4, 11, 7, 2, 16, 10, 19, 12, 23, 8, 5, 26])
(0.3406878376623326, [1, 13, 4, 11, 7, 2, 16, 10, 19, 12, 23, 8, 5, 26, 22])
(0.3405022029830712, [1, 13, 4, 11, 7, 2, 16, 10, 19, 12, 23, 8, 5, 26, 22, 21])
(0.3404961997329242, [1, 13, 4, 11, 7, 2, 16, 10, 19, 12, 23, 8, 5, 26, 22, 21, 0])
(0.3404939779579805, [1, 13, 4, 11, 7, 2, 16, 10, 19, 12, 23, 8, 5, 26, 22, 21, 0, 6])
(0.3404935730846134, [1, 13, 4, 11, 7, 2, 16, 10, 19, 12, 23, 8, 5, 26, 22, 21, 0, 6, 28])
(0.3404945525289681, [1, 13, 4, 11, 7, 2, 16, 10, 19, 12, 23, 8, 5, 26, 22, 21, 0, 6, 28, 24])
(0.3404957994430863, [1, 13, 4, 11, 7, 2, 16, 10, 19, 12, 23, 8, 5, 26, 22, 21, 0, 6, 28, 24, 17])
(0.34049772196932737, [1, 13, 4, 11, 7, 2, 16, 10, 19, 12, 23, 8, 5, 26, 22, 21, 0, 6, 28, 24, 17, 25])
(0.3405001024391, [1, 13, 4, 11, 7, 2, 16, 10, 19, 12, 23, 8, 5, 26, 22, 21, 0, 6, 28, 24, 17, 25, 18])
(0.3405027817908119, [1, 13, 4, 11, 7, 2, 16, 10, 19, 12, 23, 8, 5, 26, 22, 21, 0, 6, 28, 24, 17, 25, 18, 14])
(0.3405063657780873, [1, 13, 4, 11, 7, 2, 16, 10, 19, 12, 23, 8, 5, 26, 22, 21, 0, 6, 28, 24, 17, 25, 18, 14, 15])
(0.3405100819625709, [1, 13, 4, 11, 7, 2, 16, 10, 19, 12, 23, 8, 5, 26, 22, 21, 0, 6, 28, 24, 17, 25, 18, 14, 15, 20])
(0.340513849592504, [1, 13, 4, 11, 7, 2, 16, 10, 19, 12, 23, 8, 5, 26, 22, 21, 0, 6, 28, 24, 17, 25, 18, 14, 15, 20, 3])
(0.34051797875467144, [1, 13, 4, 11, 7, 2, 16, 10, 19, 12, 23, 8, 5, 26, 22, 21, 0, 6, 28, 24, 17, 25, 18, 14, 15, 20, 3, 27])
(0.34052682836180226, [1, 13, 4, 11, 7, 2, 16, 10, 19, 12, 23, 8, 5, 26, 22, 21, 0, 6, 28, 24, 17, 25, 18, 14, 15, 20, 3, 27, 9])
(0.3405269464110365, [1, 13, 4, 11, 7, 2, 16, 10, 19, 12, 23, 8, 5, 26, 22, 21, 0, 6, 28, 24, 17, 25, 18, 14, 15, 20, 3, 27, 9, 29])
