(0.39487080315442824, [1])
(0.37928940850705967, [1, 13])
(0.3678471149666459, [1, 13, 4])
(0.3615744259940935, [1, 13, 4, 11])
(0.35817712313545463, [1, 13, 4, 11, 7])
(0.35472677456274415, [1, 13, 4, 11, 7, 2])
(0.35052037858738616, [1, 13, 4, 11, 7, 2, 16])
(0.34699477876059753, [1, 13, 4, 11, 7, 2, 16, 10])
(0.34488289935836647, [1, 13, 4, 11, 7, 2, 16, 10, 19])
(0.34348739611877577, [1, 13, 4, 11, 7, 2, 16, 10, 19, 12])
(0.3424917113652028, [1, 13, 4, 11, 7, 2, 16, 10, 19, 12, 23])
(0.34195356532010823, [1, 13, 4, 11, 7, 2, 16, 10, 19, 12, 23, 8])
(0.34141423121813796, [1, 13, 4, 11, 7, 2, 16, 10, 19, 12, 23, 8, 5])
(0.34086413669939297, [1, 13, 4, 11, 7, 2, 16, 10, 19, 12, 23, 8, 5, 26])
(0.3406925015001473, [1, 13, 4, 11, 7, 2, 16, 10, 19, 12, 23, 8, 5, 26, 22])
(0.3405067173805326, [1, 13, 4, 11, 7, 2, 16, 10, 19, 12, 23, 8, 5, 26, 22, 21])
(0.3405007986726424, [1, 13, 4, 11, 7, 2, 16, 10, 19, 12, 23, 8, 5, 26, 22, 21, 0])
(0.34049857752452517, [1, 13, 4, 11, 7, 2, 16, 10, 19, 12, 23, 8, 5, 26, 22, 21, 0, 6])
(0.34049815925016835, [1, 13, 4, 11, 7, 2, 16, 10, 19, 12, 23, 8, 5, 26, 22, 21, 0, 6, 28])
(0.3404991283172777, [1, 13, 4, 11, 7, 2, 16, 10, 19, 12, 23, 8, 5, 26, 22, 21, 0, 6, 28, 24])
(0.3405003914395981, [1, 13, 4, 11, 7, 2, 16, 10, 19, 12, 23, 8, 5, 26, 22, 21, 0, 6, 28, 24, 17])
(0.34050230973281026, [1, 13, 4, 11, 7, 2, 16, 10, 19, 12, 23, 8, 5, 26, 22, 21, 0, 6, 28, 24, 17, 25])
(0.340504678077638, [1, 13, 4, 11, 7, 2, 16, 10, 19, 12, 23, 8, 5, 26, 22, 21, 0, 6, 28, 24, 17, 25, 18])
(0.3405073488511959, [1, 13, 4, 11, 7, 2, 16, 10, 19, 12, 23, 8, 5, 26, 22, 21, 0, 6, 28, 24, 17, 25, 18, 14])
(0.3405109143116539, [1, 13, 4, 11, 7, 2, 16, 10, 19, 12, 23, 8, 5, 26, 22, 21, 0, 6, 28, 24, 17, 25, 18, 14, 15])
(0.3405145899079562, [1, 13, 4, 11, 7, 2, 16, 10, 19, 12, 23, 8, 5, 26, 22, 21, 0, 6, 28, 24, 17, 25, 18, 14, 15, 3])
(0.3405183383888364, [1, 13, 4, 11, 7, 2, 16, 10, 19, 12, 23, 8, 5, 26, 22, 21, 0, 6, 28, 24, 17, 25, 18, 14, 15, 3, 20])
(0.34052244919549984, [1, 13, 4, 11, 7, 2, 16, 10, 19, 12, 23, 8, 5, 26, 22, 21, 0, 6, 28, 24, 17, 25, 18, 14, 15, 3, 20, 27])
(0.34052966990711914, [1, 13, 4, 11, 7, 2, 16, 10, 19, 12, 23, 8, 5, 26, 22, 21, 0, 6, 28, 24, 17, 25, 18, 14, 15, 3, 20, 27, 9])
(0.3405300521685496, [1, 13, 4, 11, 7, 2, 16, 10, 19, 12, 23, 8, 5, 26, 22, 21, 0, 6, 28, 24, 17, 25, 18, 14, 15, 3, 20, 27, 9, 29])
